271.000000 -4215.000000 184.000000
-1.000000 -818920.000000 2396.000000
183.000000 -2567.500000 149.000000
-1.000000 -818920.000000 2396.000000
1117.000000 -1384.000000 117.500000
-1.000000 -818920.000000 2396.000000
696.000000 -401.500000 82.500000
-1.000000 -818920.000000 2396.000000
927.000000 231.000000 47.500000
-1.000000 -818920.000000 2396.000000
518.000000 501.000000 16.000000
-1.000000 -818920.000000 2396.000000
1122.000000 -6212.500000 219.000000
-1.000000 -818920.000000 2396.000000
-1.000000 -818920.000000 2396.000000
1142.000000 -4215.000000 184.000000
-1.000000 -818920.000000 2396.000000
569.000000 -2567.500000 149.000000
-1.000000 -818920.000000 2396.000000
559.000000 -1384.000000 117.500000
-1.000000 -818920.000000 2396.000000
979.000000 -401.500000 82.500000
-1.000000 -818920.000000 2396.000000
46.000000 231.000000 47.500000
-1.000000 -818920.000000 2396.000000
712.000000 501.000000 16.000000
-1.000000 -818920.000000 2396.000000
985.000000 -6212.500000 219.000000
